Integrated_Authority_File : 0.019091587777186586
International_Standard_Book_Number : 0.017553133313436935
National_Diet_Library : 0.0065226838215495676
Information_technology : 0.006019275637986671
Fuel_oil : 0.005661638797776961
Energy : 0.005496778263820456
Physics : 0.004486832497107177
Technology : 0.004180831061767637
Carbon_dioxide : 0.003211168927507818
Isaac_Newton : 0.0032053838172820125
Engineering : 0.0030205577156822774
Water : 0.0028452289138032514
Mass : 0.002820578994797295
Classical_mechanics : 0.0026686419157767095
Quantum_mechanics : 0.0026637544832459766
Mining : 0.002610679752001863
Earth : 0.0025960772127378825
Time : 0.002400181329004057
Fossil_fuel : 0.0023977375815851564
Kinetic_energy : 0.002383166933621963
Non-timber_forest_product : 0.002374887544745325
Renewable_energy : 0.00236567935606409
Thermodynamics : 0.0023600566728714635
Force : 0.002296855537750914
Potential_energy : 0.00228983998261739
Agriculture : 0.0022763095252923745
Leonhard_Euler : 0.00225140125521122
Momentum : 0.0022483176365460083
Statistical_mechanics : 0.0022234663419886786
Temperature : 0.002221546932313863
Electricity : 0.0022101445473168718
Solar_energy : 0.002209715418808346
Electron : 0.0022063595492229733
Wood : 0.002189564082452268
Nuclear_power : 0.0021689735107203348
Galileo_Galilei : 0.0021566368749654234
Density : 0.0021487054273714007
Industrial_Revolution : 0.002134622536094549
Wind_power : 0.0021256059889889906
Life : 0.0020875657511386933
Space : 0.002081925669496623
Newton%27s_law_of_universal_gravitation : 0.002081830555253882
Work_(physics) : 0.0020517782737103085
Air_pollution : 0.002048270983954981
Heat : 0.0020100932297437524
Irrigation : 0.001994283034012453
Power_(physics) : 0.001991626862361719
Pierre-Simon_Laplace : 0.001989093863751831
Daniel_Bernoulli : 0.0019796532979830268
Structural_engineering : 0.0019749148493433994
