A : 0.20096875933837893
F : 0.14575599768066405
E : 0.13468082763671874
C : 0.12433927233886718
B : 0.11311358111572266
G : 0.10332533825683593
H : 0.09225016821289063
D : 0.08556605541992188
